0.000000	-0.000000	0.000000	0.000000
5.000000	0.960000	0.003125	0.831720
10.000000	1.880000	0.049995	1.804260
15.000000	2.760000	0.252997	3.057432
20.000000	4.260000	0.798722	4.796372
25.000000	7.600000	1.945525	7.284122
30.000000	14.560000	4.017458	10.829979
35.000000	17.059999	7.392196	15.771959
40.000000	23.200001	12.480499	22.452259
45.000000	34.180000	19.695486	31.185871
50.000000	42.160000	29.411764	42.224438
55.000000	61.320000	41.917419	55.719696
60.000000	72.940002	57.365440	71.692780
65.000000	99.099998	75.734116	90.016251
70.000000	107.360001	96.806709	110.414276
75.000000	135.600006	120.178040	132.482681
80.000000	156.800003	145.289444	155.726288
85.000000	175.240005	171.486237	179.606369
90.000000	204.460007	198.085861	203.589661
95.000000	232.119995	224.442947	227.190414
100.000000	234.580002	250.000000	250.000015
105.000000	271.799988	274.317932	271.702637
110.000000	283.760010	297.086151	292.077728
115.000000	300.820007	318.116089	310.992920
120.000000	320.200012	337.324310	328.390869
125.000000	332.299988	354.710571	344.273743
130.000000	367.380005	370.335327	358.687561
135.000000	376.200012	384.299591	371.708374
140.000000	383.579987	396.728363	383.430603
145.000000	403.019989	407.757690	393.958038
150.000000	406.000000	417.525787	403.397308
155.000000	399.299988	426.166626	411.853149
160.000000	411.019989	433.806396	419.425385
165.000000	435.320007	440.561157	426.207245
170.000000	424.959991	446.536072	432.284271
175.000000	441.459991	451.825378	437.734192
180.000000	440.100006	456.512665	442.626862
185.000000	441.040009	460.671753	447.024841
190.000000	449.920013	464.367401	450.983704
195.000000	459.739990	467.656403	454.552765
200.000000	463.579987	470.588226	457.775574
205.000000	460.859985	473.206146	460.690613
210.000000	470.179993	475.547852	463.331848
215.000000	463.220001	477.646149	465.729187
220.000000	466.820007	479.529663	467.908966
225.000000	470.519989	481.223419	469.894501
230.000000	477.559998	482.749176	471.706238
235.000000	480.019989	484.125977	473.362335
240.000000	472.899994	485.370544	474.878784
245.000000	478.940002	486.497437	476.269745
250.000000	479.779999	487.519501	477.547729
255.000000	476.959991	488.447998	478.723938
260.000000	482.059998	489.292816	479.808197
265.000000	477.619995	490.062714	480.809296
270.000000	481.480011	490.765381	481.735107
275.000000	479.540009	491.407654	482.592560
280.000000	486.399994	491.995605	483.387939
285.000000	487.440002	492.534515	484.126801
290.000000	484.820007	493.029236	484.814148
295.000000	487.839996	493.483948	485.454498
300.000000	485.440002	493.902435	486.051849
305.000000	485.640015	494.288086	486.609863
310.000000	486.359985	494.643921	487.131775
315.000000	487.859985	494.972656	487.620575
320.000000	485.619995	495.276672	488.078918
325.000000	486.739990	495.558167	488.509247
330.000000	487.339996	495.819122	488.913727
335.000000	487.920013	496.061279	489.294373
340.000000	490.500000	496.286224	489.652954
345.000000	488.239990	496.495392	489.991180
350.000000	490.059998	496.690125	490.310486
355.000000	489.579987	496.871552	490.612274
360.000000	489.040009	497.040741	490.897827
365.000000	491.799988	497.198700	491.168243
370.000000	491.859985	497.346313	491.424561
375.000000	492.640015	497.484314	491.667786
380.000000	492.619995	497.613525	491.898804
385.000000	492.760010	497.734558	492.118408
390.000000	492.820007	497.848022	492.327332
395.000000	491.760010	497.954498	492.526276
400.000000	493.200012	498.054474	492.715881
405.000000	492.339996	498.148438	492.896729
410.000000	494.100006	498.236816	493.069366
415.000000	493.480011	498.319977	493.234283
420.000000	494.119995	498.398315	493.391968
425.000000	492.339996	498.472137	493.542816
430.000000	495.059998	498.541779	493.687256
435.000000	494.720001	498.607483	493.825653
440.000000	494.640015	498.669525	493.958344
445.000000	494.619995	498.728180	494.085663
450.000000	492.899994	498.783630	494.207886
455.000000	494.079987	498.836121	494.325317
460.000000	494.260010	498.885773	494.438202
465.000000	495.059998	498.932831	494.546753
470.000000	495.260010	498.977448	494.651245
475.000000	495.619995	499.019745	494.751892
480.000000	495.079987	499.059875	494.848846
485.000000	496.019989	499.097961	494.942352
490.000000	495.339996	499.134155	495.032532
495.000000	495.220001	499.168579	495.119568
500.000000	495.940002	499.201263	495.203613
505.000000	495.019989	499.232391	495.284851
510.000000	494.839996	499.262024	495.363342
515.000000	495.220001	499.290222	495.439240
520.000000	496.260010	499.317078	495.512695
525.000000	495.119995	499.342712	495.583801
530.000000	496.420013	499.367126	495.652679
535.000000	495.440002	499.390442	495.719391
540.000000	495.440002	499.412659	495.784088
545.000000	496.119995	499.433899	495.846802
550.000000	495.799988	499.454193	495.907623
555.000000	496.380005	499.473572	495.966705
560.000000	496.420013	499.492096	496.024017
565.000000	496.019989	499.509827	496.079712
570.000000	496.779999	499.526794	496.133820
575.000000	495.880005	499.543030	496.186432
580.000000	495.720001	499.558563	496.237579
585.000000	496.239990	499.573456	496.287354
590.000000	495.940002	499.587708	496.335754
595.000000	496.220001	499.601379	496.382904
600.000000	496.040009	499.614502	496.428772
605.000000	496.579987	499.627075	496.473480
610.000000	496.700012	499.639130	496.517059
615.000000	496.959991	499.650726	496.559509
620.000000	497.040009	499.661835	496.600922
625.000000	496.760010	499.672546	496.641296
630.000000	497.260010	499.682800	496.680664
635.000000	496.640015	499.692657	496.719116
640.000000	496.799988	499.702148	496.756653
645.000000	496.660004	499.711273	496.793274
650.000000	497.019989	499.720062	496.829071
655.000000	497.299988	499.728516	496.864044
660.000000	496.279999	499.736633	496.898193
665.000000	496.200012	499.744446	496.931610
670.000000	497.220001	499.751984	496.964264
675.000000	497.160004	499.759247	496.996185
680.000000	497.179993	499.766266	497.027435
685.000000	497.119995	499.773010	497.058014
690.000000	496.760010	499.779510	497.087921
695.000000	497.160004	499.785797	497.117218
700.000000	497.299988	499.791840	497.145874
705.000000	497.299988	499.797668	497.173950
710.000000	496.339996	499.803314	497.201477
715.000000	497.540009	499.808746	497.228424
720.000000	497.160004	499.814026	497.254852
725.000000	497.100006	499.819092	497.280731
730.000000	497.459991	499.824005	497.306122
735.000000	497.459991	499.828735	497.330994
740.000000	496.920013	499.833313	497.355408
745.000000	497.239990	499.837738	497.379364
750.000000	497.100006	499.842010	497.402863
755.000000	497.119995	499.846161	497.425903
760.000000	497.380005	499.850189	497.448547
765.000000	497.720001	499.854065	497.470764
770.000000	497.320007	499.857819	497.492584
775.000000	497.480011	499.861450	497.514008
780.000000	497.679993	499.864960	497.535034
785.000000	497.359985	499.868378	497.555725
790.000000	497.600006	499.871674	497.576019
795.000000	497.519989	499.874847	497.595978
800.000000	497.760010	499.877960	497.615601
805.000000	497.579987	499.880951	497.634888
810.000000	497.619995	499.883881	497.653839
815.000000	497.239990	499.886688	497.672485
820.000000	497.779999	499.889435	497.690796
825.000000	497.720001	499.892090	497.708832
830.000000	497.239990	499.894653	497.726562
835.000000	497.359985	499.897156	497.744019
840.000000	497.940002	499.899597	497.761200
845.000000	497.899994	499.901947	497.778107
850.000000	497.880005	499.904236	497.794739
855.000000	497.700012	499.906464	497.811096
860.000000	498.019989	499.908600	497.827209
865.000000	497.839996	499.910706	497.843109
870.000000	497.899994	499.912750	497.858734
875.000000	497.959991	499.914703	497.874115
880.000000	498.019989	499.916626	497.889282
885.000000	497.959991	499.918518	497.904236
890.000000	497.799988	499.920319	497.918945
895.000000	498.119995	499.922089	497.933441
900.000000	497.640015	499.923798	497.947754
905.000000	498.260010	499.925476	497.961853
910.000000	497.920013	499.927094	497.975739
915.000000	498.260010	499.928680	497.989410
920.000000	497.940002	499.930206	498.002930
925.000000	497.760010	499.931702	498.016235
930.000000	497.880005	499.933167	498.029358
935.000000	498.160004	499.934601	498.042297
940.000000	498.100006	499.935974	498.055054
945.000000	497.720001	499.937317	498.067657
950.000000	498.200012	499.938629	498.080078
955.000000	497.940002	499.939911	498.092346
960.000000	498.239990	499.941132	498.104431
965.000000	498.079987	499.942352	498.116394
970.000000	497.820007	499.943542	498.128174
975.000000	498.079987	499.944672	498.139801
980.000000	498.119995	499.945801	498.151276
985.000000	498.040009	499.946899	498.162598
990.000000	498.200012	499.947968	498.173798
995.000000	497.959991	499.949005	498.184845
1000.000000	498.260010	499.950012	498.195740
